  # ЛР 2. Алгоритм Винограда
  
 #### Пример работы программы:
```
C:\Users\naisu\Desktop\AA\2\cmake-build-debug\2.exe
Input size 1 [n, m]:
3 3
Input size 2 [n, m]:
3 3
Input matrix:
1 2 3
4 5 6
7 8 9
Input matrix:
1 2 3
4 5 6
7 8 9
Classic:
30 36 42
66 81 96
102 126 150
Vinograd:
30 36 42
66 81 96
102 126 150
Optimized Vinograd:
30 36 42
66 81 96
102 126 150

Process finished with exit code 0
```
